A_oF128_70_4h & a,b/a,c/a,x1,y1,z1,x2,y2,z2,x3,y3,z3,x4,y4,z4 --params=10.4646,1.22947843205,2.33988876785,0.14415,0.04732,0.0486,0.29277,0.2269,0.25406,0.21598,0.28022,0.32618,0.21405,0.15761,0.37947 & Fddd      D_{2h}^{24} #70 (h^4) & oF128 & A16 & S & (alpha sulfur) & S. Rettig and J. Trotter, Acta Cryst. C 43, 2260-2262 (1987)
   1.0000000000000000
   0.00000000000000   6.43300000000000  12.24300000000000
   5.23230000000000   0.00000000000000  12.24300000000000
   5.23230000000000   6.43300000000000   0.00000000000000
    S
   32
Direct
   0.04823000000000   0.85457000000000   0.85713000000000   S   (32h)
   0.74007000000000   0.85713000000000   0.85457000000000   S   (32h)
   0.85713000000000   0.74007000000000   0.04823000000000   S   (32h)
   0.85457000000000   0.04823000000000   0.74007000000000   S   (32h)
  -0.04823000000000   0.14543000000000   0.14287000000000   S   (32h)
   0.25993000000000   0.14287000000000   0.14543000000000   S   (32h)
   0.14287000000000   0.25993000000000  -0.04823000000000   S   (32h)
   0.14543000000000  -0.04823000000000   0.25993000000000   S   (32h)
   0.27373000000000   0.73439000000000   0.68007000000000   S   (32h)
   0.81181000000000   0.68007000000000   0.73439000000000   S   (32h)
   0.68007000000000   0.81181000000000   0.27373000000000   S   (32h) 
   0.73439000000000   0.27373000000000   0.81181000000000   S   (32h) 
   0.72627000000000   0.26561000000000   0.31993000000000   S   (32h) 
   0.18819000000000   0.31993000000000   0.26561000000000   S   (32h) 
   0.31993000000000   0.18819000000000   0.72627000000000   S   (32h) 
   0.26561000000000   0.72627000000000   0.18819000000000   S   (32h) 
   0.32238000000000   0.82998000000000   0.73806000000000   S   (32h) 
   0.60958000000000   0.73806000000000   0.82998000000000   S   (32h) 
   0.73806000000000   0.60958000000000   0.32238000000000   S   (32h) 
   0.82998000000000   0.32238000000000   0.60958000000000   S   (32h) 
   0.67762000000000   0.17002000000000   0.26194000000000   S   (32h) 
   0.39042000000000   0.26194000000000   0.17002000000000   S   (32h) 
   0.26194000000000   0.39042000000000   0.67762000000000   S   (32h) 
   0.17002000000000   0.67762000000000   0.39042000000000   S   (32h) 
   0.25113000000000   0.00781000000000   0.56409000000000   S   (32h) 
   0.67697000000000   0.56409000000000   0.00781000000000   S   (32h) 
   0.56409000000000   0.67697000000000   0.25113000000000   S   (32h) 
   0.00781000000000   0.25113000000000   0.67697000000000   S   (32h) 
   0.74887000000000  -0.00781000000000   0.43591000000000   S   (32h) 
   0.32303000000000   0.43591000000000  -0.00781000000000   S   (32h) 
   0.43591000000000   0.32303000000000   0.74887000000000   S   (32h) 
  -0.00781000000000   0.74887000000000   0.32303000000000   S   (32h) 
