0.00000000 6.43300000 12.24300000
5.23230000 0.00000000 12.24300000
5.23230000 6.43300000 0.00000000
32 atoms from A_oF128_70_4h.poscar
0.04823000000000 0.85457000000000 0.85713000000000 16 1 1
0.74007000000000 0.85713000000000 0.85457000000000 16 2 2
0.85713000000000 0.74007000000000 0.04823000000000 16 3 3
0.85457000000000 0.04823000000000 0.74007000000000 16 4 4
-0.04823000000000 0.14543000000000 0.14287000000000 16 5 5
0.25993000000000 0.14287000000000 0.14543000000000 16 6 6
0.14287000000000 0.25993000000000 -0.04823000000000 16 7 7
0.14543000000000 -0.04823000000000 0.25993000000000 16 8 8
0.27373000000000 0.73439000000000 0.68007000000000 16 9 9
0.81181000000000 0.68007000000000 0.73439000000000 16 10 10
0.68007000000000 0.81181000000000 0.27373000000000 16 11 11
0.73439000000000 0.27373000000000 0.81181000000000 16 12 12
0.72627000000000 0.26561000000000 0.31993000000000 16 13 13
0.18819000000000 0.31993000000000 0.26561000000000 16 14 14
0.31993000000000 0.18819000000000 0.72627000000000 16 15 15
0.26561000000000 0.72627000000000 0.18819000000000 16 16 16
0.32238000000000 0.82998000000000 0.73806000000000 16 17 17
0.60958000000000 0.73806000000000 0.82998000000000 16 18 18
0.73806000000000 0.60958000000000 0.32238000000000 16 19 19
0.82998000000000 0.32238000000000 0.60958000000000 16 20 20
0.67762000000000 0.17002000000000 0.26194000000000 16 21 21
0.39042000000000 0.26194000000000 0.17002000000000 16 22 22
0.26194000000000 0.39042000000000 0.67762000000000 16 23 23
0.17002000000000 0.67762000000000 0.39042000000000 16 24 24
0.25113000000000 0.00781000000000 0.56409000000000 16 25 25
0.67697000000000 0.56409000000000 0.00781000000000 16 26 26
0.56409000000000 0.67697000000000 0.25113000000000 16 27 27
0.00781000000000 0.25113000000000 0.67697000000000 16 28 28
0.74887000000000 -0.00781000000000 0.43591000000000 16 29 29
0.32303000000000 0.43591000000000 -0.00781000000000 16 30 30
0.43591000000000 0.32303000000000 0.74887000000000 16 31 31
-0.00781000000000 0.74887000000000 0.32303000000000 16 32 32
